18868. 8] 6861816616 61886 8818888. 123

IIII. 11681, 881161166116 166116181 16 venir 6 1681666666

(16811, sil 86861616 68 6611 6861616. 86688
- V. 11618, 11 6861681 88 6161116, 681 16811 8161 661 68, 1111110 31

6 66161 6 16811 1681· (168113 61 88 86116881, pur 16181 ἰοᾛῗρῗζᾶο

8161661 an, 6 16116 1681 8681686; 16 6861 8161 1611αι
66116 168616 168 18886616 16 06811.

11111116861681 61 11611681 16181616 court 1611688118-

11166881168 66818 16 16818166161 68616168 16 611666 116ἷέ1181
66 1686116 1681 8166161; 61 6611681 1681688168 661 88 ml &533¹
166 686116 jures. 6886.

VII. 11116161 81681 16 11166 baille 68 16161, 16 1618688- 16668886
1611818611 6 66 616686 661 11 161688; 61 81 noun, 16611181Μ
1616816881 6611 6 66 161, 661 66118816 mayn. 8111111110

VIII. 1116188 161668 61616 68168106811,11 6161616 Prooedm

16 jour en jour, 61 16 66 son 6161 8611 1616881116,6113ηῐῗξζζζζζ1

66181 quil 8861616 16 1681 1866161 86 gottern 66 881111θῦ0161·
6666686. 111 61 88 home 16 1681 1866161 6611 1161 hors 1„ mm

16 16 (1681116 1166881, 61 8611 1618 61166, il 6161616 'ffiss
16 66816186 68 66186686, par Jeody,0i 1666868 6161 {gfff
8611 fini. 111881 16 6886611616 66 88 6866686; 61
66181 66 666616 16 161, 16 1611 16116 661 66 116166 mayn
IX. 111 sil 116868188 11661611 16 1161868, sil 6611666188
1611 6 86816, 681661161161168616 16 116116 domy 8161. ffiffioth
X. 111 sil 1168681 un 1166 11661161, 6116611 1611611886
86816, 681 66181 forfait 6861616 116116 16181 mar. IIthIw

XI. 111 811 1168681 un 1166811 6611 16116 861116, 1111181ι

1161661611

11166 61 1816 88616866 861 weida, 68 68616 16 Μ6116Ἢω vm,
1661111661,

16811 mar.
XII. Ε1 81 68688 66 86 6611 666 16 1681 1868161 166 meadum
6861616 6816 (16811 1617166681, 166 6868811116 68616ΞΞ61ἑ8Ξ101ἰ1Ξ6
prodeshomes 16 16818166161, 68 1686 681 eux 1688, 868· court.
1168166161161166881, 61 6168116 661 6161 hors de 6616
06811, 166668 68 1681 06811; ’166166 186816 66181 61618ἡ
111 61161 68 la 816161 686688116 66181 16 1681 8166161, yoel

68161618168168616 16 1168668816, 68 1668616 0681116

-ο- .- v- ...φ- . - ... -.-. -.-—.---..-.-----

¹ In letter-Book G. written 6161. ² written 6 81· 61611668 seli pleintis
in better Book C.

 

 

