7666. 6.] 6666666666 66 666 66666 6666666196

(16 6166166 6611 6666666 au Tresorer 6166 Β66666 (1611111111

Escheker. E 1666116161666666, 61 166166611666666111111111111

666666 1166661661 des 6666166666,166661 16666 16 1111111111

(16166166 61 oeps 16 1161, 6666 (16161, 61 6666 (16616661 {W}

faire anuli, 66 16 166666 (16 66116161 1666 661 1611111616

6666166166. Ε 166661 faire (1666 666166 (16 16 (1116 66666(

16666166, 6666166616 66 1666 1661616, 61 6611636661 1116111116

166 devora eux, pur 16666 16 16666166, 61 166166 61661 Qu*

61 1166161666 666166 seignour 16 1161 plus 66166616 (16
eux 16666661.

Et 1611 6666616, (16 66 6661 16666166 (166 1166666666(

6666661 16661616 robes 66 hommes et 61666 1666666, 61 ffieffitss'd

lour 6666616 (1661661 61 (16666166, (1661 eux 6661 servmaessment.

66666666661. Ε1 (166 biens des 6666666, 16 66 111111111101

sunt 3666666166 66666616 666661, 66 661661 16666 111ῗᾷ1111

66 1661666. Ε1 61 11 661661 66666666 governez par 6616166 1111011ζώ

66166, 661661 1666 biens 66666 666 des 661666. Et 1611 mu

6 6666616666, (16 (166 biens des gentz qui 66 6161166661 pm
adis 6666, 66 661661 6166 (16666616 66 16666. Ε1611111111311
166 6111616 1666666, par 1666 1666666166, 66 par 661666661ἱξἛξξρ1ξ
(16 6666 (16666 16 1161 6666166 66611666 (16 6666666 1666

16116, 6616661 (16 bon 6611 6 66661666 166 16666666 Promona
eyantz biens moebles 16661166 66 16 (1116 61166, 6113111111ξῖ0,
6616166166 (16 16616, 66666666661, par testes 61 par 666-11ῗζῖἓῖῗξιο
6661 (16 61666666, 6 66666166 16 66166 (16 666 biens, ⁹⁰⁸5·
616616 6611 ’ 1611 66 16 manere 16 6666666666 (16

66666 trove renable3 6611 66661616, 61 6166161616
(16166166 1666166661 166 6661166 16 6661666661666 61

1666. Ε1611 aviegne (16 aucun qo 6611 insint 66666616, R ,1, 1,
6666616 666 biens, 61 666 puisse 1661 666 6166166661 1311111661
616666, celuy soit puny 6666 61616661, par 16 (166- 1111ῗῇ11]-
6666166 (16 ceux qe 16 1161 66666 migne 6 6666666 1611101661·

1611 des 6161616 1666666, 666 661 (16666111. 61161111

m

'Qy‚ 11661 1666666661. ι Ι 'Anssfforforwm-
62

 

