284 00000 0000000000.

[0 0000 0 000]

Q 11000100 (100010, 001 0010100 qe 1000100 0011000100,

‘mor 01100011010 solum 000 qe il 001 0010 000001000100000

fflffl Et 10 pain 0011 00010 01 000010 00 marche, 00100 100-

ffiggfm 10111000001 (10 10 0110. Ε1 01 (1010010 0011 trove en

ΝΜ 0010 (10 0001000 (101001100100010000 (1010010 0011
100100 000 000 01010 (10 10 (1110010 jesqes 01 hostel 00000
0011ρο01000, 00001100 plus grauntz rues, ov 10 1000
0010 0001000100100 0000 001 Ε1 0 10 000001010110,
0011 100100 (10 10 (111010 000 01 10 000001 000 (10
010000, 00 10 100000 0000011110, 100000 01 pilori; 01
0011 mis 000 10 0110010110 (10000000 00 00100 00
100οι0 (10 jour. Ε1 0 10 110000 (1010010 00 110000
0110101, 00111010 1000010 (10 0010 1001010 00 1101 ; 01
(10 000 0000100001 100 1100000100, sur lour 00000100.

11111· Ε1 0 10 quarto 10110 qe il (10 000 00101 0110101, 000-
(1001 10 1000010 (10 0010 01 10000001 10 0001100 0 1000
jourz 00 10 0110

nezul-uon En droit (1010001οε 00010000 qe vendent 0010 00 10

for 1110 00·

mgr 0110, 0 1010 100 10110 qe (1010010 serm trove 00 000

001(ωο 000 0010, 0011 1001 10 001010010100 1101, Ε11100 0010

010, 100010, issi 100101, (10000000 00 1100000100 (10 10 0110, 0 ’
1000 ferme, 01000 000001000 1000000 0001 101

[1101000100 (10 Ρο10 01 (10 00000100]

mamm 100100 (10010 0011 gardee, 01000ιο 000001000100000
1111ἦ 0¹1¹t⁹7¹¹¹ nd 0010 ordene, par 10 01000001 (10 (1001010. Etsi

010 1100010οο11 010001ιο 00 10 0110, 0011100100 1010 (10
1100 0100οι10 01000001 meme 0011 (1001010 01 des
1100000100
anaor 00 Lamiae de 00000100 0011 1010 solum 100001000 Amiso du
000100 00 01100 01 00 bourgz, 01 00100 10 00010 (101
, 11000010 01000001 del (1000010, 01 (1001110οο00100, 01
(10 1001000000. ·

 

